0000000000000000000011112111100000000000000000000
0000000000000000000011000001100000000000000000000
0000000000000000000011000001100000000000000000000
0001111111111111111111000001111111111111111111000
0001111111111111111110000000111111111111111111000
0001133330000000000000000000000000000000333311000
0001133330000000000000033300000000000000333311000
0001133330000000000000033300000000000000333311000
0001133330000000000000033300000000000000333311000
0001100000000000000000033300000000000000000011000
0001100000000000000000000000000000000000000011000
0001100000000004000000000000000004000000000011000
0001100000000000000000000000000000000000000011000
0001100000000000000000000000000000000000000011000
0001100000000000000000000000000000000000000011000
0001100000000000000000000000000000000000000011000
0001133330000000000000033300000000000000333311000
0001133330000000000000033300000000000000333311000
0001133330000000000000033300000000000000333311000
0001133330000000000000033300000000000000333311000
1111100000000000000000000000000000000000000011111
1111000000000000000000000000000000000000000001111
1000000000000000000000000000000000000000000000001
1000000000000000000000000000000000000000000000001
2000000000000000000000000000000000000000000000002
1000000000000000000000000000000000000000000000001
1000000000000000000000000000000000000000000000001
1111000000000000000000000000000000000000000001111
1111100000000000000000000000000000000000000011111
0001133330000000000000033300000000000000333311000
0001133330000000000000033300000000000000333311000
0001133330000000000000033300000000000000333311000
0001133330000000000000033300000000000000333311000
0001100000000000000000000000000000000000000011000
0001100000000000000000000000000000000000000011000
0001100000000000000000000000000000000000000011000
0001100000000004000000000000000004000000000011000
0001100000000000000000000000000000000000000011000
0001100000000000000000000000000000000000000011000
0001100000000000000000033300000000000000000011000
0001133330000000000000033300000000000000333311000
0001133330000000000000033300000000000000333311000
0001133330000000000000033300000000000000333311000
0001133330000000000000000000000000000000333311000
0001111111111111111110000000111111111111111111000
0001111111111111111111000001111111111111111111000
00000000000000000à0011000001100000000000000000000
0000000000000000000011000001100000000000000000000
0000000000000000000011112111100000000000000000000